0.38429655827213
0.33096410883041566
0.30901281744794296
0.29424907908499953
0.2796129978309014
0.26523553936815586
0.25177448299268584
0.2397644371182879
0.22943215518592022
0.2207347573305294
0.21347971640063312
0.20742539976271282
0.20233796573803647
0.19801469899127422
0.19428902033703369
0.19102772962749678
0.18812587884540033
0.1855014550836164
0.18309055927604512
0.18084326040205187
0.17872018401301087
0.17668983905820024
0.17472662162123684
0.17280938354076386
0.1709204374268753
0.16904488028294856
0.16717014042905806
0.1652856758122514
0.16338277134337933
0.16145439767950887
0.15949510457513977
0.15750092969680154
0.15546930968244488
0.15339898498130186
0.15128989404030033
0.14914305581226725
0.14696044224354282
0.14474484417851424
0.1424997348900246
0.14022913526689632
0.13793748380640086
0.13562951334073398
0.13331013526685168
0.13098433126233774
0.1286570522189663
0.12633312440099043
0.12401716348280722
0.12171349790070426
0.11942610361164978
0.11715855268333829
0.11491397803029614
0.11269505605389578
0.11050400802930777
0.1083426199661589
0.10621227953389598
0.10411402765063184
0.10204862159199524
0.1000166060143898
0.0980183880668754
0.09605431271563719
0.0941247344628432
0.09223008178169113
0.09037091081350812
0.08854794518238697
0.08676209916668816
0.08501448192589497
0.08330638107054371
0.08163922469510045
0.0800145221770539
0.07843378559385022
0.07689843541569405
0.07540969606308118
0.07396848895360746
0.07257533289361426
0.07123026400038411
0.06993278901343308
0.06868188524908378
0.0674760556694963
0.06631343781004982
0.06519195245586222
0.06410946650864227
0.0630639397140005
0.062053529691462626
0.06107664240256211
0.06013193045093403
0.059218253450492614
0.05833461965971918
0.05748012633881612
0.05665391054422881
0.05585511552926386
0.055082872764067786
0.05433629660583862
0.05361448759645773
0.05291654056989328
0.05224155455915816
0.051588642445611475
0.050956939146428695
0.05034560779457494
0.04975384382015287
0.04918087712141302
0.048625972658591296
0.04808842985363012
0.04756758116732072
0.04706279017866526
0.04657344942846293
0.04609897822325539
0.04563882053489254
0.0451924430793418
0.04475933361755446
0.04433899949104849
0.04393096638417249
0.04353477729213404
0.043149991667034274
0.042776184711709124
0.042412946791728995
0.04205988293832605
0.04171661241844247
0.041382768351914574
0.04105799735962093
0.040741959229959226
0.040434326594156314
0.040134784603581816
0.03984303060444931
0.039558773807049835
0.03928173494805198
0.03901164594545041
0.03874824954651493
0.038491298969643754
0.038240557541391766
0.03799579833017194
0.03775680377825185
0.037523365333707585
0.03729528308397612
0.03707236539258779
0.03685442854056465
0.036641296373856914
0.036432799958065774
0.03622877724155681
0.03602907272794043
0.03583353715874684
0.035642027206990064
0.03545440518218437
0.03527053874724207
0.03509030064757015
0.034913568452560856
0.03474022430957209
0.03457015471039761
0.034403250270136694
0.03423940551830019
0.03407851870191942
0.03392049160036986
0.03376522935157026
0.033612640289182136
0.03346263579040355
0.03331513013392819
0.03317004036763083
0.03302728618552808
0.03288678981356959
0.03274847590381325
0.03261227143654965
0.032478105629956136
0.03234590985687165
0.032215617568301165
0.0320871642232804
0.03196048722474074
0.03183552586103817
0.031712221252822054
0.03159051630493213
0.03147035566302393
0.03135168567463349
0.0312344543543943
0.031118611353126605
0.031004107930518394
0.030890896931115696
0.030778932763339064
0.030668171381236155
0.03055857026867597
0.0304500884256827
0.030342686356602235
0.03023632605978658
0.030130971018475693
0.030026586192553318
0.029923138010848692
0.02982059436365592
0.029718924595147436
0.02961809949535259
0.029518091291392455
0.029418873637662248
0.02932042160466812
0.02922271166624478
0.029125721684896716
0.029029430895030864
0.028933819883874418
0.028838870569903072
0.028744566178633524
0.028650891215678077
0.028557831436986373
0.028465373816252377
0.028373506509497236
0.028282218816887698
0.028191501141895735
0.028101344947946895
0.028011742712752138
0.02792268788056118
0.027834174812616942
0.027746198736129584
0.027658755692125735
0.02757184248255441
0.027485456617062386
0.027399596259862134
0.02731426017713915
0.027229447685431136
0.027145158601423015
0.027061393193577265
0.026978152135997774
0.026895436464893372
0.026813247537966614
0.02673158699699813
0.02665045673384589
0.02656985886001319
0.026489795679864262
0.026410269667504996
0.026331283447263553
0.026252839777638107
0.026174941538502736
0.026097591721305283
0.026020793421919673
0.025944549835771675
0.02586886425481589
0.02579374006590002
0.02571918075004675
0.02564518988216897
0.02557177113074162
0.025498928256969963
0.025426665113026478
0.025354985638969377
0.025283893858000513
0.02521339386978162
0.025143489841591933
0.025074185997171622
0.025005486603171968
0.02493739595319365
0.024869918349470374
0.024803058082311546
0.02473681940747945
0.024671206521728023
0.024606223536774743
0.024541874452014126
0.024478163126309502
0.024415093249216743
0.02435266831200823
0.02429089157886418
0.02422976605859208
0.024169294477226058
0.02410947925183125
0.02405032246582019
0.023991825846052865
0.023933990741960717
0.023876818106897468
0.023820308481881495
0.023764461981857846
0.023709278284564005
0.023654756622052284
0.023600895774878495
0.0235476940689388
0.02349514937490076
0.02344325911014536
0.02339202024311831
0.023341429299958683
0.02329148237325942
0.023242175132800295
0.023193502838079704
0.02314546035246783
0.02309804215879388
0.0230512423761849
0.02300505477796815
0.022959472810458088
0.022914489612449643
0.022870098035250076
0.02282629066308717
0.022783059833745893
0.022740397659288685
0.02269829604673589
0.022656746718582456
0.022615741233051375
0.022575271003983693
0.02253532732028729
0.02249590136486896
0.02245698423299074
0.022418566949999594
0.022380640488387185
0.022343195784149276
0.022306223752418038
0.022269715302351886
0.02223366135127046
0.022198052838031713
0.022162880735651223
0.022128136063166822
0.022093809896761817
0.02205989338015652
0.02202637773428221
0.02199325426625961
0.02196051437769627
0.021928149572328373
0.021896151463025502
0.021864511778182733
0.02183322236752397
0.02180227520733796
0.021771662405172837
0.021741376204009705
0.021711408985941025
0.021681753275375214
0.021652401741787886
0.021623347202043963
0.021594582622309778
0.02156610111957426
0.021537895962802284
0.021509960573733496
0.02148228852735104
0.021454873552030553
0.021427709529392817
0.02140079049387108
0.021374110632011844
0.021347664281522464
0.021321445930080726
0.021295450213920097
0.02126967191620447
0.021244105965206154
0.021218747432298804
0.021193591529779784
0.02116863360853113
0.02114386915553509
0.021119293791252755
0.021094903266880297
0.02107069346148947
0.02104666037906948
0.021022800145478596
0.02099910900531335
0.020975583318710717
0.020952219558091584
0.020929014304855446
0.020905964246036534
0.020883066170931334
0.020860316967707498
0.02083771362000274
0.02081525320352245
0.020792932882645287
0.02077074990704597
0.020748701608339356
0.020726785396760112
0.020704998757877412
0.02068333924935757
0.020661804497777613
0.020640392195495686
0.020619100097585604
0.02059792601883774
0.02057686783083252
0.02055592345908851
0.020535090880289174
0.020514368119591335
0.020493753248016208
0.02047324437992435
0.02045283967057722
0.020432537313783427
0.020412335539631784
0.02039223261230778
0.020372226827995964
0.020352316512863674
0.020332500021124602
0.020312775733182232
0.020293142053848738
0.02027359741063433
0.02025414025210948
0.020234769046331792
0.020215482279334694
0.020196278453677816
0.020177156087051316
0.02015811371093174
0.020139149869288327
0.020120263117331637
0.020101452020305513
0.02008271515231595
0.020064051095195892
0.020045458437401416
0.02002693577293846
0.020008481700316594
0.019990094821527516
0.01997177374104785
0.019953517064864448
0.019935323399519884
0.01991719135117941
0.019899119524717915
0.019881106522825726
0.019863150945136906
0.01984525138737586
0.019827406440527887
0.019809614690029686
0.019791874714986807
0.01977418508741408
0.01975654437150396
0.019738951122923495
0.019721403888142624
0.01970390120379335
0.019686441596065505
0.01966902358013685
0.019651645659643457
0.019634306326190152
0.01961700405890139
0.019599737324017878
0.019582504574538116
0.01956530424990559
0.019548134775745126
0.01953099456364764
0.01951388201100433
0.019496795500891614
0.019479733402005782
0.019462694068649478
0.01944567584076702
0.01942867704403167
0.01941169598998024
0.019394730976197726
0.019377780286548126
0.019360842191451996
0.019343914948209348
0.01932699680136203
0.019310085983101404
0.01929318071371124
0.019276279202048992
0.019259379646060514
0.01924248023332633
0.019225579141639304
0.019208674539604783
0.019191764587269886
0.019174847436769143
0.019157921232991985
0.019140984114265562
0.019124034213049784
0.019107069656643418
0.019090088567899153
0.019073089065942253
0.019056069266893298
0.019039027284592554
0.019021961231319596
0.019004869218512195
0.01898774935747751
0.018970599760095807
0.018953418539514225
0.018936203810828237
0.01891895369175223
0.01890166630327265
0.018884339770286966
0.018866972222224408
0.018849561793649085
0.018832106624842998
0.018814604862368987
0.018797054659612605
0.018779454177302538
0.018761801584008243
0.018744095056614427
0.018726332780774547
0.018708512951336524
0.018690633772749588
0.018672693459443633
0.018654690236186235
0.018636622338415235
0.018618488012547778
0.018600285516264706
0.018582013118771296
0.018563669101035282
0.018545251755999435
0.018526759388773663
0.018508190316800514
0.018489542870001388
0.018470815390897625
0.01845200623471071
0.018433113769439402
0.018414136375916327
0.018395072447840916
0.018375920391793876
0.01835667862722844
0.01833734558644147
0.018317919714524723
0.018298399469294888
0.018278783321203845
0.018259069753229683
0.018239257260747176
0.018219344351380052
0.01819932954483163
0.018179211372700784
0.018158988378274333
0.018138659116305297
0.018118222152768048
0.01809767606460086
0.018077019439426772
0.018056250875257248
0.018035368980180887
0.018014372372033
0.017993259678049125
0.017972029534503848
0.017950680586332105
0.01792921148673489
0.017907620896773828
0.01788590748494673
0.01786406992675346
0.01784210690424817
0.01782001710557864
0.01779779922451526
0.017775451959971843
0.017752974015513904
0.017730364098863385
0.017707620921392317
0.017684743197618466
0.017661729644688907
0.0176385789818692
0.017615289930028852
0.017591861211129777
0.01756829154771912
0.01754457966242928
0.01752072427748376
0.01749672411421825
0.01747257789261382
0.01744828433084861
0.01742384214486503
0.017399250047970483
0.01737450675045493
0.017349610959244376
0.017324561377589136
0.017299356704790384
0.017273995635970044
0.017248476861888934
0.017222799068817587
0.01719696093846541
0.017170961147974284
0.01714479836997873
0.01711847127274486
0.017091978520386034
0.017065318773172067
0.01703849068792944
0.01701149291854495
0.016984324116579817
0.01695698293200198
0.016929468014045358
0.016901778012205017
0.016873911577378695
0.01684586736316367
0.016817644027324094
0.01678924023343325
0.01676065465271346
0.016731885966077924
0.01670293286639819
0.016673794061008006
0.01664446827446164
0.016614954251572066
0.01658525076074566
0.01655535659763565
0.01652527058915165
0.016494991597838106
0.016464518526673876
0.01643385032431119
0.01640298599081107
0.01637192458390967
0.016340665225872568
0.016309207110997766
0.016277549513821824
0.01624569179811564
0.016213633426739916
0.01618137397246169
0.016148913129825422
0.0161162507282023
0.01608338674614187
0.016050321327170006
0.016017054797192662
0.015983587683688696
0.015949920736879515
0.01591605495310072
0.01588199160061272
0.015847732248114296
0.01581327879623746
0.015778633512347463
0.01574379906896503
0.015708778586178286
0.015673575678407953
0.015638194505921525
0.015602639831488317
0.015566917082568878
0.015531032419424527
0.015494992809488493
0.015458806108293602
0.015422481147173399
0.01538602782781092
0.01534945722357023
0.01531278168729562
0.015276014964988252
0.015239172314391225
0.015202270627043728
0.015165328551810985
0.015128366617198942
0.01509140734899049
0.015054475378820788
0.015017597538338397
0.01498080293253811
0.014944122984825135
0.014907591445403054
0.014871244353822368
0.014835119946106996
0.01479925849695139
0.014763702088262972
0.014728494296935795
0.01469367979740867
0.014659303878242371
0.014625411876758046
0.014592048541372391
0.014559257337431806
0.01452707971846044
0.014495554390175951
0.014464716598641188
0.014434597475819324
0.014405223475052721
0.014376615925372765
0.01434879072719275
0.014321758203411382
0.014295523110101745
0.014270084800890221
0.014245437529916978
0.014221570870888491
0.014198470224777578
0.014176117386497449
0.01415449114122216
0.014133567863537273
0.014113322096666457
0.014093727093962817
0.014074755310037202
0.01405637883383277
0.014038569760268363
0.014021300500585743
0.01400454403418107
0.01398827410651327
0.013972465378769745
0.013957093535472104
0.013942135356252598
0.013927568757765678
0.013913372811230234
0.013899527740515491
0.01388601490505333
0.013872816771236203
0.013859916875364815
0.01384729978067608
0.013834951030496872
0.013822857099159641
0.013811005341965908
0.013799383945182151
0.01378798187681872
0.01377678883873642
0.013765795220472636
0.013754992055047337
0.013744370976912477
0.013733924182133223
0.013723644390823528
0.013713524811823334
0.013703559109565994
0.013693741373064066
0.013684066086925128
0.013674528104300284
0.013665122621660168
0.013655845155294128
0.013646691519424799
0.013637657805835725
0.013628740364909525
0.013619935787981778
0.01361124089091632
0.01360265269881778
0.013594168431797607
0.013585785491717127
0.013577501449836717
0.013569314035305898
0.013561221124428934
0.013553220730653279
0.013545310995224326
0.01353749017846021
0.013529756651599526
0.013522108889181723
0.01351454546192144
0.013507065030041612
0.01349966633703224
0.013492348203805753
0.013485109523220606
0.013477949254948322
0.013470866420661224
0.013463860099516358
0.013456929423919966
0.013450073575551582
0.013443291781631077
0.01343658331141357
0.013429947472898218
0.013423383609736977
0.013416891098330958
0.013410469345103643
0.01340411778394
0.013397835873782167
0.013391623096372518
0.013385478954134247
0.013379402968185716
0.013373394676476094
0.013367453632039459
0.01336157940135927
0.01335577156283837
0.013350029705367288
0.013344353426988545
0.01333874233364833
0.013333196038034794
0.013327714158496285
0.013322296318036877
0.013316942143383605
0.013311651264124074
0.01330642331191017
0.01330125791972351
0.013296154721200947
0.013291113350018034
0.013286133439325028
0.013281214621235025
0.01327635652636138
0.013271558783401029
0.01326682101876276
0.013262142856237813
0.013257523916708949
0.013252963817899716
0.013248462174157927
0.013244018596274967
0.01323963269133587
0.01323530406260125
0.013231032309418207
0.013226817027157091
0.01322265780717678
0.013218554236811828
0.013214505899383232
0.01321051237423154
0.013206573236768486
0.013202688058548547
0.013198856407357242
0.013195077847316323
0.013191351939003166
0.013187678239584291
0.013184056302962677
0.013180485679934321
0.013176965918357701
0.013173496563331935
0.013170077157382857
0.013166707240657903
0.013163386351126925
0.013160114024789043
0.013156889795884521
0.013153713197110856
0.013150583759842413
0.013147501014352478
0.013144464490036882
0.013141473715640286
0.01313852821948117
0.013135627529678657
0.01313277117437728
0.01312995868197126
0.013127189581327475
0.01312446340200538
0.01312177967447516
0.0131191379303316
0.013116537702506289
0.01311397852547388
0.013111459935455445
0.013108981470617469
0.013106542671263939
0.01310414308002652
0.01310178224204559
0.013099459705149448
0.013097175020024077
0.013094927740379339
0.013092717423108118
0.013090543628438754
0.013088405920081803
0.0130863038653693
0.013084237035387953
0.0130822050051058
0.013080207353491335
0.013078243663625987
0.01307631352281125
0.013074416522666025
0.013072552259220145
0.013070720332999799
0.013068920349104866
0.013067151917283068
0.013065414651993242
0.013063708172466002
0.013062032102754357
0.013060386071781479
0.013058769713378842
0.013057182666320584
0.013055624574350652
0.013054095086204604
0.01305259385562512
0.013051120541372302
0.013049674807227754
0.013048256321993997
0.013046864759488597
0.013045499798532987
0.013044161122935388
0.013042848421470991
0.01304156138785618
0.013040299720717874
0.013039063123559742
0.013037851304723444
0.013036663977346256
0.013035500859314285
0.013034361673212758
0.013033246146271982
0.013032154010310746
0.013031085001675602
0.01303003886117815
0.01302901533402734
0.013028014169762004
0.01302703512217809
0.013026077949254707
0.013025142413077158
0.013024228279758333
0.01302333531935817
0.013022463305799344
0.01302161201678404
0.013020781233706138
0.013019970741564503
0.013019180328871529
0.013018409787564002
0.013017658912910277
0.013016927503416485
0.01301621536073277
0.013015522289558235
0.013014848097544213
0.013014192595198332
0.013013555595786512
0.013012936915235805
0.013012336372035362
0.013011753787138598
0.01301118898386392
0.013010641787795896
0.013010112026686614
0.013009599530356073
0.01300910413059404
0.01300862566106067
0.013008163957189305
0.013007718856086923
0.013007290196438186
0.013006877818406837
0.013006481563541079
0.013006101274675597
0.013005736795838765
0.013005387972156635
0.013005054649760763
0.013004736675695043
0.013004433897825119
0.013004146164747609
0.013003873325700986
0.013003615230478572
0.013003371729340556
0.013003142672930824
0.013002927912191547
0.013002727298282167
0.013002540682498382
0.013002367916193658
0.013002208850701287
0.013002063337260545
0.013001931226941585
0.013001812370575508
0.013001706618683337
0.01300161382141015
0.01300153382845867
0.013001466489026883
0.013001411651746873
0.013001369164626964
0.013001338874995176
0.013001320629445976
0.013001314273789694
0.01300131965300336
0.013001336611185601
0.013001364991513753
0.013001404636203593
0.013001455386471983
0.013001517082502087
0.01300158956341306
0.0130016726672302
0.013001766230861005
0.013001870090071558
0.01300198407946878
0.013002108032483285
0.013002241781357336
0.013002385157136054
0.013002537989659642
0.013002700107562666
0.013002871338273221
0.013003051508017217
0.013003240441826555
0.013003437963548813
0.013003643895862484
0.01300385806029368
0.013004080277238402
0.013004310365985584
0.013004548144746851
0.013004793430685993
0.013005046039955004
0.013005305787731321
0.01300557248826016
0.013005845954897724
0.013006126000160378
0.013006412435775107
0.013006705072733785
0.013007003721350554
0.013007308191321586
0.013007618291788819
0.013007933831405711
0.013008254618405983
0.013008580460674426
0.013008911165822055
0.013009246541261073
0.01300958639428484
0.013009930532147763
0.013010278762148554
0.013010630891715997
0.013010986728494154
0.013011346080432522
0.013011708755874495
0.013012074563650255
0.013012443313167772
0.013012814814507707
0.013013188878517788
0.013013565316907713
0.013013943942345427
0.013014324568553755
0.013014707010406142
0.013015091084024256
0.01301547660687411
0.013015863397862246
0.013016251277431558
0.013016640067656937
0.013017029592338959
0.013017419677097306
0.013017810149464315
0.013018200838973284
0.013018591577250542
0.013018982198101405
0.013019372537596696
0.013019762434156788
0.013020151728633215
0.013020540264387538
0.013020927887369497
0.01302131444619127
0.013021699792197862
0.01302208377953823
0.01302246626522934
0.013022847109220779
0.013023226174453001
0.01302360332691501
0.013023978435696734
0.013024351373039844
0.013024722014382477
0.013025090238403186
0.013025455927060156
0.013025818965624962
0.01302617924271624
0.01302653665032668
0.013026891083847273
0.013027242442087951
0.013027590627294607
0.013027935545161603
0.013028277104840249
0.013028615218947033
0.013028949803561396
0.013029280778227825
0.013029608065947808
0.013029931593171762
0.013030251289786597
0.013030567089099354
0.013030878927818871
0.013031186746032274
0.013031490487179685
0.01303179009802553
0.013032085528627096
0.013032376732298819
0.01303266366557577
0.013032946288173496
0.01303322456294504
0.013033498455835625
0.013033767935835838
0.013034032974931721
0.01303429354805252
0.013034549633018406
0.013034801210482583
0.013035048263877014
0.013035290779351368
0.013035528745713535
0.01303576215436855
0.01303599099925437
0.013036215276780574
0.013036434985760282
0.013036650127347525
0.013036860704969375
0.013037066724258434
0.013037268192988075
0.013037465121000725
0.013037657520143955
0.01303784540419866
0.01303802878881411
0.013038207691437022
0.013038382131245186
0.013038552129079195
0.013038717707375256
0.01303887889009777
0.01303903570267281
0.013039188171923184
0.013039336326001301
0.01303948019432662
0.01303961980752032
0.013039755197343388
0.013039886396634299
0.013040013439247355
0.013040136359994124
0.0130402551945829
0.01304036997956151
0.013040480752261007
0.013040587550739691
0.013040690413728464
0.01304078938057852
0.013040884491208516
0.013040975786055503
0.013041063306023748
0.013041147092438794
0.013041227186999304
0.013041303631732724
0.013041376468950866
0.013041445741207674
0.013041511491258253
0.013041573762018173
0.013041632596525441
0.013041688037904202
0.013041740129327144
0.013041788913982142
0.013041834435039234
0.013041876735618352
0.0130419158587583
0.013041951847388282
0.013041984744299417
0.013042014592117616
0.0130420414332788
0.013042065310003199
0.013042086264273953
0.01304210433781265
0.01304211957206079
0.013042132008158338
0.013042141686925189
0.01304214864884375
0.013042152934042645
0.013042154582279746
0.013042153632928728
0.013042150124965148
0.013042144096952145
0.013042135587031014
0.013042124632907721
0.013042111271844674
0.013042095540649463
0.0130420774756679
0.013042057112775006
0.013042034487368665
0.013042009634362799
0.013041982588181669
0.013041953382755269
0.013041922051514393
0.013041888627386998
0.013041853142795762
0.01304181562965349
0.013041776119363486
0.013041734642816365
0.013041691230389457
0.01304164591194582
0.013041598716834836
0.013041549673892337
0.0130414988114398
0.01304144615728851
0.013041391738737305
0.013041335582577482
0.013041277715093296
0.013041218162064416
0.013041156948769917
0.01304109409998962
0.013041029640008275
0.013040963592620065
0.01304089598112984
0.013040826828359706
0.013040756156651867
0.013040683987872701
0.013040610343419181
0.013040535244220759
0.013040458710747186
0.013040380763011465
0.013040301420575212
0.013040220702555574
0.01304013862762873
0.013040055214035477
0.013039970479588617
0.01303988444167594
0.013039797117268406
0.013039708522923648
0.013039618674794091
0.013039527588630489
0.01303943527978957
0.013039341763238853
0.013039247053563236
0.01303915116497101
0.013039054111298293
0.013038955906018352
0.01303885656224283
0.013038756092732418
0.01303865450989946
0.013038551825815557
0.01303844805221671
0.013038343200509919
0.0130382372817779
0.013038130306786567
0.013038022285988559
0.013037913229531692
0.013037803147262068
0.013037692048731387
0.013037579943202452
0.0130374668396533
0.013037352746785207
0.013037237673025477
0.01303712162653439
0.013037004615211146
0.013036886646696508
0.013036767728381506
0.013036647867410012
0.013036527070684636
0.01303640534487236
0.013036282696408243
0.013036159131502125
0.013036034656141423
0.013035909276097535
0.01303578299692977
0.013035655823990425
0.013035527762429023
0.01303539881719661
0.01303526899305116
0.013035138294560796
0.013035006726109029
0.013034874291898653
0.013034740995955472
0.013034606842133353
0.013034471834117333
0.01303433597542857
0.013034199269427385
0.013034061719317284
0.013033923328149755
0.013033784098825576
0.013033644034102034
0.013033503136593003
0.013033361408774462
0.01303321885298792
0.013033075471442983
0.013032931266220816
0.013032786239278428
0.013032640392450907
0.013032493727454545
0.013032346245890798
0.013032197949248205
0.013032048838906796
0.013031898916139253
0.013031748182115251
0.013031596637903674
0.013031444284475488
0.01303129112270643
0.013031137153379321
0.013030982377187604
0.013030826794737112
0.013030670406547776
0.013030513213059257
0.013030355214628662
0.013030196411536956
0.013030036803989634
0.013029876392118495
0.01302971517598451
0.013029553155580331
0.013029390330831597
0.013029226701599088
0.013029062267682655
0.013028897028819174
0.013028730984688883
0.013028564134915169
0.013028396479065098
0.013028228016654994
0.013028058747148267
0.013027888669959915
0.013027717784456948
0.013027546089959686
0.013027373585745223
0.013027200271047543
0.013027026145058707
0.013026851206931589
0.01302667545578149
0.013026498890685814
0.013026321510687338
0.013026143314795425
0.013025964301985736
0.0130257844712036
0.013025603821364695
0.013025422351355115
0.013025240060034622
0.013025056946236227
0.013024873008768223
0.013024688246414602
0.013024502657938116
0.013024316242077984
0.013024128997554466
0.013023940923067792
0.013023752017299835
0.013023562278915213
0.01302337170656172
0.013023180298872127
0.0130229880544644
0.013022794971942885
0.013022601049898719
0.013022406286912251
0.013022210681551223
0.013022014232374346
0.013021816937930064
0.013021618796758568
0.013021419807391521
0.013021219968353507
0.013021019278162927
0.013020817735331494
0.013020615338366572
0.013020412085770238
0.013020207976040657
0.013020003007673347
0.013019797179159626
0.013019590488990278
0.01301938293565287
0.013019174517635103
0.013018965233422754
0.013018755081502685
0.013018544060361275
0.013018332168485825
0.013018119404365279
0.013017905766489249
0.013017691253351085
0.01301747586344458
0.01301725959526795
0.013017042447321827
0.013016824418110426
0.013016605506142238
0.013016385709929166
0.013016165027988982
0.013015943458842034
0.013015721001016363
0.013015497653042789
0.013015273413460047
0.013015048280809943
0.013014822253643423
0.0130145953305145
0.013014367509986146
0.013014138790625915
0.013013909171009537
0.013013678649718667
0.013013447225342714
0.013013214896477132
0.01301298166172617
0.013012747519699526
0.013012512469015969
0.013012276508301064
0.013012039636187814
0.01301180185131727
0.013011563152337625
0.0130113235379046
0.013011083006682845
0.013010841557343554
0.013010599188565605
0.013010355899036055
0.013010111687449985
0.013009866552508086
0.013009620492921892
0.01300937350740693
0.01300912559468889
0.013008876753498792
0.013008626982576894
0.013008376280668234
0.013008124646527435
0.013007872078913619
0.013007618576594762
0.0130073641383439
0.01300710876294167
0.013006852449173817
0.013006595195833722
0.013006337001719588
0.013006077865635533
0.013005817786392322
0.013005556762803872
0.01300529479369201
0.013005031877881164
0.013004768014201711
0.01300450320148797
0.013004237438578885
0.013003970724316236
0.013003703057547483
0.013003434437120629
0.01300316486189002
0.0130028943307095
0.013002622842438291
0.013002350395934831
0.013002076990063172
0.013001802623684298
0.013001527295665219
0.013001251004868312
0.013000973750163234
0.013000695530412014
0.01300041634448331
0.013000136191240273
0.012999855069547974
0.012999572978268249
0.012999289916262853
0.012999005882388434
0.012998720875503774
0.012998434894457815
0.012998147938104236
0.012997860005283994
0.012997571094842102
0.012997281205611024
0.01299699033642496
0.012996698486106352
0.012996405653476088
0.012996111837344549
0.012995817036518637
0.01299552124979325
0.012995224475960436
0.012994926713797634
0.012994627962079256
0.012994328219563651
0.012994027485005189
0.012993725757141701
0.012993423034704901
0.012993119316410446
0.01299281460096449
0.01299250888705837
0.012992202173372254
0.012991894458568319
0.012991585741299501
0.012991276020197945
0.012990965293884861
0.012990653560961227
0.01299034082001464
0.012990027069611429
0.01298971230830288
0.012989396534620138
0.01298907974707514
0.012988761944160003
0.012988443124346027
0.012988123286083862
0.012987802427801533
0.012987480547905645
0.01298715764477836
0.012986833716779762
0.012986508762243686
0.012986182779480986
0.012985855766774888
0.01298552772238396
0.012985198644538273
0.012984868531442284
0.012984537381269295
0.012984205192167038
0.012983871962250213
0.01298353768960622
0.012983202372288984
0.012982866008323745
0.012982528595698088
0.012982190132375802
0.012981850616273606
0.012981510045291056
0.012981168417272022
0.01298082573004836
0.012980481981388625
0.012980137169055463
0.012979791290736165
0.012979444344125084
0.012979096326822532
0.012978747236454749
0.012978397070528652
0.012978045826604685
0.012977693502085393
0.012977340094474947
0.012976985601053705
0.012976630019283435
0.012976273346300384
0.01297591557954541
0.012975556715975922
0.012975196753052181
0.012974835687492352
0.012974473516849225
0.012974110237500757
0.01297374584721747
0.012973380341865737
0.012973013719655292
0.012972645975641477
0.012972277108864621
0.012971907113039218
0.01297153598874244
0.012971163727389979
0.01297079033238635
0.012970415791089193
0.0129700401121227
0.012969663275507724
0.012969285299585645
0.012968906150834179
0.012968525865894509
0.012968144385774049
0.012967761782041405
0.0129673779469488
0.01296699301971357
0.012966606797660825
0.012966219553048301
0.012965830895289916
0.012965441362408438
0.012965050185699595
0.012964658442599466
0.012964264591027936
0.012963870820991416
0.01296347398259967
0.012963078598069682
0.012962678119910833
0.012962282039511433
0.012961876511080366
0.012961481788418225
0.012961068088788101
0.012960679361981966
0.012960250446157801
0.012959878331677721
0.012959418007174116
0.012959087171231
0.01295855757801619
0.01295832623685527
0.012957637361932282
0.0129576451468256
0.012956579413929773
0.01295716675361779
0.012955189524580944
0.012957200264347333
0.012952976229559224
0.012958537442056542
0.012948678747813382
0.012963242628663248
0.012939040577297858
0.012976778377559678
0.012915860543115464
0.01301318651252639
0.012862650845526591
0.013095236380939497
0.012790335114873925
0.013122787235374779
0.012780518734851094
0.013065374908393166
0.012793799256639794
0.013145725431523205
0.012778610625991423
0.012972980114500885
0.012881584493378813
0.013040110509487937
0.01279548151478856
0.013152761335895529
0.012777838566698412
0.012906869890950775
0.012976008693039174
0.012853413542734253
0.013072924006306013
0.012758227740188387
0.013131684611100935
0.012763133496549475
0.01293517594745346
0.012898144274619293
0.012968357545814173
0.012837790489733396
0.013082221123928473
0.012742017095495481
0.013090630091059551
0.012739897959476009
0.013048621732856229
0.012736532490699153
0.013142544576934168
0.012768952402646456
0.012775579245675578
0.013134818248491283
0.012764683211928963
0.012755026185393828
0.013134035657913316
0.012767311061338998
0.012715610322317177
0.013118361872596698
0.012758145900951333
0.012704603801302705
0.013096690519687695
0.012744019631475225
0.012702308527634877
0.013077899634773474
0.012735563982344855
0.012686227046306585
0.013052221070623647
0.012717826226975894
0.01269626321934359
0.013023415805375171
0.012707564189933582
0.012679780155313423
0.012989702236066254
0.012692905718243983
0.012684407239420105
0.012957788193929929
0.01267753958255393
0.012705656566400401
0.012952416794783596
0.012659078383697543
0.012777353808526338
0.012903100987907923
0.012645651770017365
0.012812633212105327
0.012635184714852263
0.012855848730230072
0.012702623751145834
0.012891374959508766
0.012617901279836813
0.012887883598822626
0.012610451060962624
0.012550019790876504
0.0125800754130124
0.012376566476204465
0.012680422343037918
0.012677554397158097
0.01252532141340625
0.012296266892374532
0.012835458182663516
0.01279586387157748
0.012920518927371817
0.012467177591200203
0.013689136218434629
0.012659952790881763
0.012388149915727446
0.012614823410236661
0.013249501557872117
0.012218866204388947
0.014867316189790673
0.020019446665702517
0.012202166673313848
0.015463108447420775
0.017293282709906523
0.019966837230793878
0.012281378457296184
0.013968782998502828
0.01859271759027104
0.019408930235465135
0.012560265011680607
0.013517146059713707
0.012656144675557994
0.012874786216804665
0.014428272416556316
0.012256543187540426
0.017313037660206098
0.012451880979450767
0.01679536003577305
0.012955868483720236
0.014624384360792617
0.013216704804135004
0.012751876794314453
0.01327358381173364
0.012774434661041969
0.014063693027859933
0.012835440198233012
0.013214964040317587
0.013331309896442722
0.012798519594566758
0.013960024368461794
0.012787785340802183
0.014095864802341145
0.012845966203557886
0.013221880999977478
0.013335053641189316
0.012810007423067064
0.013913772171650064
0.012816042799068197
0.013474618757418235
0.01283901297582926
0.013434475248668455
0.013463070068273207
0.01345357035430399
0.01353364568600195
0.013430538815108018
0.013569570887979165
0.013445453930320041
0.013544055105926893
0.013509820619380592
0.01351917556732182
0.01351025779764181
0.013504182089132089
0.013497643769805358
0.013491508475487383
0.013485817830707087
0.013480582831117425
0.013475768923519624
0.013471327353719113
0.013467207359150626
0.013463361561085501
0.013459747933888237
0.013456330185120926
0.013453077438532286
0.013449963650397167
0.013446966961985107
0.0134440690790057
0.01344125471427891
0.013438511103735937
0.013435827593891312
0.013433195293972529
0.013430606784365902
0.013428055873068768
0.013425537392584858
0.013423047030650876
0.013420581189145379
0.013418136866458425
0.013415711559339946
0.013413303180956808
0.013410909992425713
0.013408530545554343
0.013406163634936156
0.013403808257827663
0.013401463580532687
0.013399128910211828
0.013396803671243225
0.01339448738537104
0.013392179655040012
0.013389880149396063
0.013387588592519695
0.013385304753530978
0.013383028438274713
0.0133807594823164
0.013378497745056091
0.013376243104772652
0.013373995454447871
0.013371754698258874
0.013369520748615136
0.01336729352367082
0.013365072945228587
0.013362858936970918
0.013360651422973966
0.013358450326458764
0.013356255568730815
0.013354067068300658
0.01335188474013017
0.013349708495008113
0.013347538239018955
0.013345373873096547
0.013343215292646964
0.013341062387233578
0.013338915040302
0.013336773128957034
0.013334636523760532
0.013332505088567093
0.01333037868037512
0.013328257149194287
0.013326140337935288
0.013324028082299178
0.013321920210678824
0.013319816544065713
0.013317716895958653
0.013315621072268595
0.013313528871229214
0.013311440083295744
0.013309354491048222
0.013307271869076646
0.013305191983873324
0.013303114593700793
0.013301039448461014
0.013298966289547414
0.013296894849688372
0.013294824852766762
0.013292756013644484
0.013290688037944288
0.01328862062183936
0.013286553451805192
0.013284486204362034
0.013282418545790854
0.01328035013182866
0.013278280607336905
0.013276209605944243
0.013274136749661764
0.01327206164846715
0.01326998389985518
0.013267903088358835
0.013265818785027465
0.013263730546867246
0.013261637916244039
0.013259540420236053
0.013257437569938291
0.013255328859722115
0.013253213766432776
0.013251091748531124
0.013248962245174755
0.013246824675231052
0.013244678436215069
0.013242522903166059
0.01324035742742507
0.013238181335345814
0.013235993926909217
0.0132337944742471
0.013231582220077838
0.013229356376035934
0.013227116120920321
0.013224860598836772
0.013222588917268121
0.01322030014506482
0.01321799331038805
0.013215667398637485
0.01321332135040357
0.013210954059534812
0.01320856437139904
0.013206151081518963
0.013203712934777618
0.01320124862552433
0.013198756799033097
0.013196236054983284
0.013193684953928739
0.013191102028216065
0.01318848579948274
0.013185834806007017
0.013183147644890649
0.013180423036859177
0.013177659926031447
0.013174857634683769
0.013172016106283262
0.013169136293540062
0.013166220791312655
0.013163274896264595
0.013160308438086752
0.013157339066861489
0.013154398429992227
0.013151544433565724
0.013148887254977063
0.013146649211226777
0.013145317233025852
0.013146084465569126
0.01315236144878888
0.013176150498195024
0.013258402123021098
0.012044773709622267
0.013217668917034615
0.01228411580025296
0.01305636659381805
0.011490064102933241
0.013291489160678856
0.013144505573764035
0.011925571295253973
0.013084875160461595
0.013103174546223792
0.012559492463577739
0.012436368386325327
0.012756854813639562
0.012064478388094942
0.0130349666471081
0.01288231310908097
0.01210006121245332
0.012999978512645368
0.012778169528320983
0.012293953575188888
0.012885553403082535
0.012464261298858059
0.012717162668147992
0.012473817769062938
0.012694914199582788
0.012522997586684135
0.01263988725683162
0.012562762156220859
0.012599937990608956
0.012575254120526213
0.01257634424782687
0.012564319129689125
0.012553450407735388
0.012538723025836841
0.012520889104148072
0.012498809151560361
0.012470851502182759
0.01243341785659604
0.012377382631855182
0.012272719965400256
0.011971265113583075
0.012138586921809831
0.013500899315522537
0.01183953765879558
0.013544452598128651
0.012393438345929713
0.0126698375170325
0.012726702210801258
0.01271261826947036
0.01269139531521989
0.012668921493422742
0.012644041735892612
0.01261569186715469
0.0125819235340086
0.012538546198671043
0.012474680620040148
0.012352132828456583
0.011957090936516488
0.01336449275862197
0.012588120457408734
0.012571589213381416
0.012526584085705082
0.012439895790510807
0.012207457993669736
0.011262705015126363
0.014474013633338079
0.02008384512839164
0.012650981448632753
0.012505010409532016
0.012859071435041726
0.01285303979001608
0.01260254626685763
0.012268668783211121
0.017296831040830237
0.016657823959038705
0.01792456091616348
0.01765235198325728
0.020035688046428208
0.013162745422535198
0.011095453779133447
0.0188975804118718
0.011848517017127325
0.013987676739603282
0.010170968212058618
0.016867840089219058
0.01734984488495429
0.017040870771891717
0.017159413974226802
0.017078093151563965
0.017084234256730276
0.017096860586701363
0.017162148013592667
0.017225787417771532
0.017217197695036924
0.01724527022413132
0.017253586067771744
0.01728845305108221
0.01735155382152323
0.01764601297495438
0.020396021661149878
0.011776432624071695
0.018571467202102863
0.011999166306464581
0.019490390551427286
0.01997942795134949
0.01362205148351368
0.012761218976534676
0.013523707879065459
0.012642551790525586
0.013400761342248905
0.013425598871052219
0.013133001784435543
0.012866283964364966
0.013297332781771665
0.012893856438420937
0.013244447946707549
0.013080008400824048
0.013088481910659075
0.013110039634722136
0.013128817057970673
0.013119979658435752
0.01275113124779179
0.013568352606231675
0.013081610882900782
0.012313410792251003
0.015250196813304686
0.01705871023938686
0.01721014144018269
0.01722688699772688
0.017225758308300074
0.017246923134919417
0.017246084324616873
0.017277235283243007
0.017296095689909884
0.01737650733699931
0.017778923918552028
0.020812593705301145
0.013289935385938095
0.012306373422463353
0.01687214162063009
0.02107493893397351
0.012765989512513549
0.013540562427409886
0.013099057481725507
0.013106295004231
0.013106149017952005
0.013122570208131018
0.013115988896468922
0.013146575576734659
0.013136241117938194
0.013169535057824165
0.013179540077654065
0.013196508504478545
0.013156814156263597
0.01201828804086824
0.01682563628748877
0.017257611997048502
0.017186093929765646
0.017322807012179756
0.01713666389855439
0.01744052503022281
0.017143374422155157
0.017374617503171916
0.0174223795811459
0.018304090876475287
0.019132575476531247
0.01182480089874587
0.019958977139911592
0.012915212706485936
0.013570097717590967
0.012719436287853795
0.013418824973753027
0.01312846367235166
0.011248985733867178
0.019312489188186895
0.011369100252236457
0.01893425554183883
0.01169309054429165
0.020414075856204705
0.011853958682652573
0.018107191770649837
0.0122182842569167
0.020524477588921796
0.01848646069867784
0.015430227922548022
0.017646253011870772
0.013412693741174795
0.01372562944617975
0.0139157586045631
0.013572819707075452
0.013686447333904051
0.013748812237789685
0.013723924702633896
0.01367922391124471
0.013623510734313282
0.013562873483201033
0.013507693584410532
0.01347504123177707
0.013467168115055972
0.013466713726662506
0.013467608766818651
0.01346926455003812
0.013471532943136353
0.013474286144806922
0.013477371477161776
0.013480603076373592
0.01348376444563741
0.013486621315962734
0.01348894604348489
0.013490551622650854
0.013491328105055931
0.013491269651842372
0.013490480175946227
0.013489151534357275
0.013487518869294198
0.013485807829707765
0.013484191936331982
0.013482772502845821
0.013481582008660422
0.013480602424752106
0.013479787650701984
0.013479082557848266
0.01347843578746332
0.01347780655801184
0.013477166941238405
0.013476501173287268
0.013475803304203202
0.013475074186418025
0.013474318526453897
0.0134735424619369
0.013472751878499348
0.013471951472959369
0.013471144427716221
0.013470332497096197
0.013469516308137737
0.013468695721245604
0.01346787015374559
0.013467038822049167
0.013466200895930886
0.01346535557950474
0.013464502141138235
0.01346363991346824
0.013462768279655478
0.013461886656093854
0.013460994476876414
0.01346009118193024
0.013459176208875734
0.013458248987825511
0.013457308938223903
0.013456355466916592
0.013455387966918418
0.01345440581652804
0.013453408378600483
0.013452394999882393
0.013451365010365196
0.013450317722651603
0.013449252431339567
0.013448168412414228
0.013447064922698846
0.013445941199338817
0.013444796459384973
0.013443629899476365
0.013442440695680664
0.013441228003532106
0.01343999095833495
0.0134387286758215
0.013437440253263827
0.013436124771189337
0.01343478129588289
0.01343340888292691
0.013432006582088034
0.013430573444016092
0.01342910852931233
0.013427610920789082
0.013426079739997258
0.013424514169569498
0.013422913483489124
0.01342127708834861
0.013419604579969673
0.013417895821828917
0.013416151054893695
0.013414371053439724
0.013412557349584941
0.013410712562614195
0.01340884089220772
0.01340694887512751
0.013405046579153179
0.013403149549586492
0.013401282107004699
0.013399483193917023
0.013397817317886328
0.013396396419675341
0.013395427227447396
0.013395324637475479
0.013397020607961774
0.013402964143364593
0.013421250541540107
0.013489961495650049
0.013634001235305672
0.011520594819975461
0.013848678393802195
0.011845194010601674
0.013375815660488666
0.013368964537434167
0.013396155702542142
0.01351135353086615
0.011682211537316268
0.013626426240777057
0.013122061044103118
0.010731682163977734
0.019864635586050096
0.012045172629176043
0.01329081230757439
0.013302696663269487
0.013313298016737408
0.013315396975161771
0.013322112511441456
0.013349402056180081
0.013384796166939758
0.011200937594342417
0.014095007962066388
0.012354169858467845
0.013444875916878563
0.013300995813773414
0.013333499969842988
0.01317459323400751
0.011373748665662067
0.013096387026838659
0.013233071969361507
0.013254221704356061
0.01326501699982181
0.013258746250314783
0.013256926292968272
0.01325871041786704
0.013216022051055385
0.012414504816627023
0.013230675155787054
0.013045336206301907
0.012461585892720475
0.013174542624843324
0.012841706589704866
0.01281212408841876
0.01284545940310188
0.012806350559601491
0.012827538554507453
0.012795171692854964
0.012789223832453232
0.012759662576666832
0.012725767189732206
0.012670720313764134
0.012565894365057584
0.01223780109739555
0.010620909751788955
0.019739935178753
0.012897644050074524
0.012865473101673453
0.012829087963969968
0.012779571663571071
0.012702885430921606
0.012539812294518799
0.011792739330357823
0.014431015902590445
0.017236747698194235
0.018469875965347108
0.02043400376552759
0.013052373638305064
0.013063338655678778
0.013055330510628982
0.013027526214792771
0.012994594545614973
0.012959176101343131
0.012919912609206505
0.012873390146393226
0.01281179940906113
0.012711331424657324
0.01245234275922883
0.010105281061254336
0.019242342216804396
0.014706912648505188
0.01850952233306274
0.017459977997993103
0.017568288315786475
0.016475677134770775
0.01860233634117721
0.020657175489978617
0.013013841519089096
0.010862528357606021
0.023180763917712913
0.012925360056500888
0.01256370520963659
0.011585687453709456
0.01978313238280828
0.01307182041270097
0.013077180700444507
0.010655591548318527
0.016785753548778485
0.01770818579154966
0.017651821530815192
0.0169086426430498
0.017720240063509713
0.016180991456503823
0.020978234291701585
0.020454409991560514
0.011870871542086296
0.010793027829907289
0.02032709780943879
0.013423559621525185
0.013424926014250979
0.012878502639588113
0.014735463456503775
0.013295409751672902
0.010293101845561625
0.01640520522329423
0.017315097751431013
0.017161128668912055
0.018803351820221862
0.02113535223376933
0.011903353109868677
0.01087570880174068
0.02078004319662055
0.011515938210529821
0.018244501207631107
0.018733101105121403
0.013567572421888177
0.014010105609524825
0.01173885163292122
0.02084006112204114
0.01305556539034381
0.013162483243714647
0.012443385842688054
0.022429454852576147
0.011339211656315453
0.013843138534520991
0.011200514194710829
0.021057684008182455
0.011201332731361363
0.013375884829139019
0.013216137650304766
0.011500766033138675
0.02033398904031244
0.013589403339598847
0.013020144611778924
0.011640363933795085
0.0131410585640589
0.020956465628100735
0.015099974029425192
0.01154566352562184
0.01834025642912243
0.014904330597636888
0.01155339747641836
0.011354682446962338
0.02118384387075784
0.011364552330334893
0.011617484380257847
0.0207968755576468
0.012389807291238182
0.011236778173457175
0.020539540496266103
0.013905331850408225
0.011189064354441306
0.01465731265567519
0.011290690954699659
0.013850174225403633
0.01076536574138217
0.017088646274101588
0.016571860732913002
0.0214850911704051
0.011523656478271964
0.020100132061764135
0.0128244374005708
0.01473682122825251
0.01668863193872365
0.021318579785476667
0.012290264608594345
0.01983736192596824
0.01418098626741554
0.018142085129137606
0.02184476814738749
0.012671796330144217
0.013657503339480142
0.012571172678895981
0.02310217715890204
0.011968572261536548
0.01269082826761674
0.022431337732332423
0.012525309717455335
0.0129592597605396
0.014576099733765092
0.021772452353810742
0.012259415328220951
0.012269112524614259
0.017603770708734055
0.013346023312127009
0.014829840550068068
0.019960926864814047
0.013253494776448844
0.012930057631142794
0.013745201152938057
0.01354194131015767
0.013851228926088414
0.013670042664332907
0.013659922668243438
0.013659796835134567
0.013643056628575926
0.01365591110739522
0.013623359347237532
0.013658061069605664
0.013606205830979202
0.013656511885894417
0.01360583173797378
0.013640213394304958
0.013616173596693794
0.013624147023089485
0.013621093269905196
0.013621663379968417
0.013622796771631036
0.013624549716599266
0.013626113755492972
0.013622341214644916
0.01356791094127014
0.014204506910050783
0.013664606960307819
0.013571380618055675
0.013025726734278249
0.013607680687585165
0.013715319559660287
0.013599435782917928
0.013700166198235815
0.013621164021853354
0.013663552875772044
0.013633852095089306
0.013644721854285075
0.013639963198778263
0.013640710132540422
0.013641618230014913
0.01364330261505687
0.013645729100977893
0.013648366642117011
0.01364785439624919
0.013620394926331466
0.013970133253964033
0.013870062949265152
0.014978262567536855
0.012138840689476606
0.013159602739236609
0.015180802775467633
0.010896541674445098
0.013484353137336312
0.013623892889491054
0.013578942159190048
0.013607526487580276
0.013495591663006783
0.014253350000309535
0.01462423804330305
0.01116725809492596
0.013499047784979538
0.01891950551232164
0.013583600568471717
0.013661175705089713
0.013658562046491917
0.013623017384824217
0.01372074515602105
0.016346092418313415
0.012025021253313563
0.013186918720571325
0.013111969118371822
0.013516790126834774
0.013658390231580142
0.013488456312713948
0.01742198263595458
0.022223928450345466
0.013821005621559159
0.011283662044402605
0.013757662835611589
0.013687581147073156
0.01581051915112073
0.012272647736716753
0.01286168468494261
0.02194995725725914
0.01271913282830901
0.013831144668694277
0.013206099701764874
0.012903117770545182
0.013744505487742904
0.013628529488468204
0.01373921962145755
0.013662481941792355
0.013694327888196984
0.013672233809328645
0.013679515109127427
0.013677366297802479
0.013677902134517481
0.013678813552583016
0.013678757116601775
0.013669097262789087
0.013555383768226298
0.012936569840131694
0.013407170400137527
0.013650022794867484
0.016284098840165778
0.021305279389495477
0.01439601850635172
0.012198908980731848
0.013065211761138071
0.01860776229101945
0.013926156576118034
0.013559714309767067
0.013875653209188637
0.013912043887619336
0.013824746277254933
0.013570380048223762
0.01386562475020882
0.013889517099494328
0.013718521113927582
0.013771997669764622
0.013669016890401167
0.013807471817654243
0.013652408775501078
0.013795535902385745
0.013699209511479928
0.013737692413293343
0.01370445519118416
0.013721842506286566
0.013712823005351394
0.01371449952465263
0.013715093489739125
0.013716476755285005
0.013718280426471765
0.013718647852944072
0.01370506778023637
0.01363383646364147
0.015078705633616053
0.010446600555445709
0.021190938428771643
0.011372681294518098
0.013614409220976129
0.011870257828489217
0.012294722328921806
0.014123726095391224
0.014078329181150524
0.014664721629668576
0.0134361773069932
0.01469969804100512
0.013352353843328469
0.011904884183597442
0.012462839150090587
0.014034670876353987
0.013640986145399936
0.014005631409994586
0.013813839467672036
0.01376509043257471
0.013854737555199557
0.01364044022285942
0.013935395897031024
0.013810823800281147
0.013714705359836082
0.013860010541866762
0.013652663945600605
0.013871219574884155
0.013790448091130898
0.013727516675030738
0.013791465934480315
0.013731059003795803
0.013771921816102104
0.013745225351599057
0.013754032275939172
0.01375117827104698
0.013752034337117882
0.013753564537845119
0.013756035396200133
0.013759496583601639
0.01376352098446971
0.01376601896779648
0.013817891420475443
0.014906331680286664
0.01140443059154355
0.013873375589547392
0.014748421714557059
0.014341623397559495
0.01158996631666539
0.01363727595434415
0.013303893703074611
0.013445373467156838
0.014965056678604441
0.01013720447012185
0.022212912415611387
0.013629225585334033
0.012931377578794714
0.013757642522078799
0.013759718281111152
0.013744361841826527
0.01378219407207103
0.011541912075094127
0.020483384653929876
0.013868057933410591
0.013695172104376076
0.013891618894908744
0.0137884769736426
0.013789984268416124
0.013782829349745779
0.013785051514967958
0.013780665165016909
0.013781311598023547
0.013780622332277672
0.01378121842021749
0.013782614626518919
0.01378497805373275
0.0137883242254566
0.013792076256551804
0.013794488941040748
0.013933626485583793
0.01432840026992891
0.013704480538480604
0.013820051702935938
0.013817367013456507
0.0138151526865611
0.01381409177053484
0.013814642285565388
0.013817057852146713
0.013821578754785955
0.013828642929580574
0.01383905405298152
0.013853830720881031
0.013872368964410204
0.013888063267925183
0.01389209938232729
0.013885801672839957
0.013873461246627803
0.013855598471385297
0.013832230703270892
0.013812460706537098
0.013805904490377678
0.013805764167240064
0.013806906497036014
0.013808375015567542
0.013809876647777879
0.013811202912264653
0.013812187750239903
0.013812731489269668
0.013812814581033193
0.013812482851993855
0.013811813870187824
0.013810885348421812
0.013809758669467917
0.01380847676629688
0.013807068905299178
0.013805556370955412
0.01380395685232992
0.01380228765330896
0.013800568497342623
0.01379882473705836
0.013797091928670886
0.013795423342979111
0.013793903567201986
0.01379267533278133
0.013791997483234286
0.013792384666436978
0.013794994007104343
0.013802911493907452
0.013826665145441154
0.013916580204469418
0.013695124937351685
0.007525073679493629
